WCS9A6GLEQ 67 45 40 70 91
7YL3F4NJ2U 81 76 48 61
ACLF5QBWIC 68 95 55 62 99 91
6UWRI68S2S 78 86 69 56 45 79 47
2FMYLGNEDS 60 92 45 55
ZIJIMJEG39 77 98 66 99 49 97 83
0F7SKTLDLH 40 76 72 88 70
ZBGJUPI4VR 99 44 87 66 77 80 68
BL56XNU3XJ 63 99 50 56
WLITLPH9DJ 40 52 95 89 90
DH791JMC7X 46 67 65 71 45 64 68
RUS6NO79QP 67 51 56 56 64 98
NMJU3KYEVC 83 51 52 54 54 49 42
8UJS7K1QBX 78 81 59 91 78
GUA9ON256H 79 68 93 91 42 67 41
ERVEV1ZGLY 73 90 84 88 57
5RBL2BOZXR 67 47 44 51 49 57
MXYCK0UP1O 53 98 63 62
IR2M00QQQG 67 50 43 91 72 81 89
SOWF0C28ZY 41 48 47 53
JST2UZNTM8 82 45 73 61 83
PXGOHFNAM1 74 97 44 84
7CP1YYU094 88 72 78 42
5MMJPFP73C 58 44 75 84 52 68
2IY77K50AK 61 71 99 83 69
VLW408ZAQB 80 43 42 93
O5FYXHLKH7 42 93 90 68 62
IZY6J234X8 46 49 66 45 79 54 82
C4XJUMQ9U0 41 40 97 43
MKH30RH5EP 85 61 55 53 63 74 45
FZ2H8WGM2X 49 61 49 68 48 40 93
G8TZS28896 48 44 76 47
E66QWLVO3I 91 80 92 56 48
WHB4CEG7MU 59 88 68 75 52 71 51
VV1D7PWGPL 67 93 88 43 74
7P3HETFWEX 77 68 60 43
QAZBISMEAT 92 74 53 74 81 45 72
7KZUP3RCFG 61 72 76 94
UGNF9RIRB2 46 66 47 73 89 84 82
IVC0I7INWQ 96 47 41 47 83
YQ8DR14I7O 95 54 52 56 58
5G6K6QQS2J 90 80 40 53 54 59 99
U3WCEPW05J 96 46 79 87
09XPC6WKFW 91 94 55 54 86
B8ZTFGR971 49 78 99 85 88 81
FD1E3UTO54 53 77 65 60 83 98
AEL6SNMX48 81 77 95 42 63 91 59
DZKM87CDR7 82 72 67 81 75
N7YGAXUZ1C 58 59 65 68
QKE1S4I354 70 85 40 69 48 93 84
NS00FXTDNX 80 72 54 92
MONZ2V5T8J 69 65 56 99 78
TNU5QSGX61 78 91 46 45
RQH9P667KU 44 50 41 45 60
TRN2YKFX33 72 85 68 70 96 89 41
YYECYO0KCS 92 73 78 93 40 90 44
IR7WORV4QU 70 66 82 56
3QB0FE373Q 78 42 98 44 68
LUTAN8X1QQ 65 54 85 63
1BW9DOPUPX 53 71 85 77 62 99
PED2SQTXAN 48 81 85 76 92
MBT5797SR4 76 52 95 52 57 90 80
ZK1XUN4U6C 73 47 52 54 79
AFG9UAQW9T 52 68 93 89 73 45
1BU3VLEJ26 99 49 45 81
WF4DD86BF1 65 69 84 81 49 82 87
XRAAZ0HGR3 64 68 62 99 66 91
8EYGRJXDB3 57 87 71 61 73 69
Y5GYIG4K4O 75 95 70 43
OY98O76OMW 61 64 87 60 84 68 64
OI4A8BVSF2 42 53 81 86 69
DV69AP6YP1 40 90 48 43 77
CUWP1SSCZK 66 74 50 99 82 81 43
SX17YGOWWY 46 76 43 69 57
GVWJ2V8G2G 90 40 66 41 97 75 60
C63IJEWC0C 44 70 61 57 63
I7AFHP1U49 85 69 89 93 75
O0LOIZ20V0 96 89 46 62 87 41
G0Y6EWUOI3 89 96 79 82 63
S60LR101EP 60 42 53 40 52
YNWHF5GGQ6 58 87 92 75
42ZJLS5H3S 67 68 63 60
65S9HDE4RP 99 66 93 43 90
EQN5UB0CN0 90 62 94 47 63 91 89
UWYNGM1BCG 42 57 69 49
MUQI70ZKVY 73 65 67 57 42 96 41
ZKYXL99IUN 81 54 96 45 69 93
OXXZQ9O50G 53 70 49 54 46 99
OOVBEMDDCO 51 93 74 86 55
5EXQQUJDQQ 79 61 49 77 87 89 83
1OR7FFSJ2O 45 98 72 64 63
QD979XZOQZ 74 90 96 40 85
HSD7JMWLW7 79 49 62 70 98
LUG2ZLA7T8 66 69 65 50 79 51 84
P21MCC7M16 63 65 76 89 78 71 60
05P9EQHZ2I 79 83 84 89 57 75
MSMPOFLET7 81 78 93 72 49
Q1MYXCB4GN 64 46 99 91 86 42
188DWFHUVX 74 73 69 50 96 81 58
31GDFOB118 43 98 77 97 54 44
