AKKI89AQ00 97 43 91 52 97 87
RDTVZMOWYW 48 52 56 87 99 88
2P4AMC77GT 75 48 71 98 97
JTKSVJOXRG 59 43 56 53 41
PYLAJ04UKO 91 99 89 97 57 70
JUMJLYBV79 98 52 92 90 98 53
TEJNIR60IC 76 78 47 50
M525SK1B79 61 64 47 53 76 59 43
R4EFHQZODB 82 46 46 71 63 47
T8G2LX82ZY 91 65 97 49
KFP7887L3H 99 87 53 98
DVJIQKAGDR 98 97 65 90 81 48 94
UWNUJQITM9 82 51 97 83 99
LYYUIGSZB2 69 94 80 73
9ZMW58TJ8G 88 62 56 93 98
AP9QO8TO65 71 47 98 73 64
07GY4EKWP1 69 93 75 86
LKMIJ53W7U 83 50 93 47 82 59
MRCTIAOPHC 65 59 74 65 87 98 91
PFSDU7GQVU 51 84 50 68
PQ0UXK20ZD 80 71 47 71 70
7NMLYA2SLE 46 59 82 79
BN56Z60A8W 68 68 84 98 57 51 59
ECLPZPA7FT 99 56 58 75 72
ZOAIFZPAQI 68 88 70 99 50 41 50
HF7UM3J4ZK 81 49 83 73
ZD2NXAZSVT 61 69 52 94 40
71CX50FIRI 80 42 90 96 64 47 45
K6S54I9HEZ 41 67 76 97 84 97
GIYWNABKFO 77 63 61 71
XPGE5HXCPT 72 51 54 85 50
UAVK03EHEA 43 98 98 91 61 64 97
QC37XOD9GM 69 56 42 72 64
FUKBOYOO08 50 83 81 51 90
8JS0G0JJ8N 94 82 55 74 92
V3MX9CTEX2 86 48 67 56 98 55 89
TJXVRK4TJ7 46 94 92 82
C51BYMYBNL 62 76 80 94 91 71 81
O6IQBXMKXN 50 93 79 89 73
BYSEM50W6Z 77 61 77 64 64
101R0CPH1J 90 61 81 79
H4VCOKUF6J 54 91 41 80 62 85 68
5ETJMQTDRJ 91 50 81 69 89
43TJLA72SU 78 65 54 53 62 75
527FWJTQG6 77 51 45 60 43
IOJW7WZ110 48 76 55 94 64 47
XTGC1IG9JD 48 69 76 43 51 40 44
716OKYPY77 56 84 57 62
PN3QOFZN2J 90 85 64 82 43 80 82
02YXYH1SB5 53 42 93 66 63 80
DXSIKOKVRS 66 76 97 65 90
J21GT3LGZC 91 64 64 87 84 47 44
KCY96BYMWE 42 68 69 96 75 71
BBATMK8QRS 62 51 92 79
2A5TJ9T7QR 62 59 79 98 62
SOPFVO6UEX 72 84 54 94 69 58
JOLBVEQJL4 48 63 48 73 92
6JKXFK14W3 60 70 61 83 92
TTMMM6YBQG 43 54 41 51 88 96 89
DK8L6MZU2R 77 85 67 72 89 48 78
MVEAH0HAXK 81 81 87 40 41
P1MBQD0KYO 87 79 41 83 92 77
GJSHF3T0OT 53 78 49 67 94 68
AJG6PP5TQ3 83 79 73 49
AXPPH6L27P 68 59 96 86 42
1EHXCXYSYJ 91 69 71 59 84
8YSMK4CM8Q 61 80 76 80 83
ZG3SDH9VOE 60 86 50 47 57 62 81
0J5DKKUL00 70 79 57 74 40 57
IX5SW71XZ8 58 69 52 57 57
X1L6BG58Q9 42 89 49 63 55
QSL9CCQ5MJ 51 54 60 56 63
WR4FGMX4OA 54 97 56 71
FPMWV1FJX0 77 48 52 64 87 77 76
7YBFH0KKEV 50 79 50 55 52
UGGRJNPCES 72 70 79 59
J9R3ICARZF 80 45 91 86
EHI4OW0RVA 59 65 60 87 42 56
OO6FI4TF0G 96 81 84 92
7TWK7DQPZ4 95 61 64 96 78
QSMUGNMBOS 57 56 99 64
AZ27V7E0JU 43 66 74 44 96
4K1OUT8VF0 64 59 43 45 64
D6PZB66T36 61 61 73 59 73 49
Z6ZJTDT9LA 86 41 53 86 96 98 46
T1UE9MQFY6 77 74 65 51
HCSKJ52X1F 70 57 54 63 75
WWU6TW0UCE 52 66 56 46 96 82 51
VT1SDZOV7R 66 91 64 81 89 75 86
4J6Z9SDY1F 47 56 64 97
PLTNN3KBMN 91 56 47 66 44
UIYJ6K40GP 71 63 77 89 60 77
UMBBA4ZS8I 57 42 50 76 98 77 83
HOVUUDRI9Y 98 93 92 81 66 72
8POUSGNN1O 92 67 66 87 63 74
JZH3P5DYB3 66 89 48 81 47 98 83
ANLBNFBLD7 46 46 43 97 70 96
8YPLEEYPVB 93 43 80 48 93
13TC84KJOV 94 62 44 65 60 56
SRTDXYKN5Q 98 94 57 64 56 40
LNUP0SDVJM 68 42 50 90 55 97
G6T70DXDLD 45 52 48 91 80 75 66
G7Q3014X7U 53 82 51 87 63 94
R19LT3HEZA 93 45 57 90
TTKSG75D5D 90 73 99 86 50
7THQ1F9PJQ 82 70 83 59
DU50G3235G 52 68 69 98 42 41
BY5OWWO2NP 50 66 63 90 55
2499X1NH0W 79 80 96 77 87
YIGK8KBWUU 44 91 56 97 72 56 53
HQMDWXUWHS 49 49 70 76
ZM7XDJYLJO 94 53 46 96 72 54 91
JO18TUJKC3 47 44 55 50 90
N4PVC3ZXQB 60 95 70 47 62 88 59
14TFSEVVA1 61 67 73 76 82
ZBUY6Z2ULM 87 40 70 67 98 64 89
MTBAIHOYYA 91 98 64 98 54 58 66
18FOP8F99U 78 53 85 48 46 69 90
L910FH2T3D 71 56 51 99 62 89 42
PX9I6ZYZEU 89 81 51 78 70
FEVVQALUQB 91 81 52 89 54
N7VWKQ20MK 56 74 42 83 89
FZPNNSWP46 89 97 49 89 95 93
TDJ3938Z9H 40 40 93 41 64 94 73
CKXRSZZEH8 83 53 96 90
60S3H9VP2F 42 78 97 92 67
JHQMJRALOU 65 82 41 82 40 58 62
GF8M3VWXMI 77 99 87 80 71 47 94
THGN6KRXUN 94 67 92 78 62
748S5DPOOP 43 59 62 87 55 41 46
CWCAT5YLJH 74 94 56 69 57 99 55
W231GH4XMW 59 59 87 96 47 54 64
6C6NTLBOT0 56 67 53 82 74 77 56
5R8WBBXA0X 66 71 70 49
GC0K3TQVRZ 66 51 93 44 58
S48KX6C4A4 64 86 57 86 96 60 80
79JTR39FRY 46 93 40 48 76 48
4439884MPT 60 65 55 84 59
6XHPC1YDAT 65 40 42 64 42
VUH2A6WZ3V 63 66 65 59 56
H7ZQBHTTLI 57 65 45 52 65
SFMB1KNPKL 46 47 49 41 45
0V3DJW8O8L 43 49 47 93 49 66
S89VFJP58I 54 70 67 97 74 45
IVWN5TLZIB 84 61 57 73 68
MWSH7YLA73 54 72 56 88 64 85
KOVADTI6OH 76 59 79 44 46 47
QQOV5R9V5D 49 81 85 51 92
DR1UB1SSUL 90 40 75 83 55 45 68
LRRQE9R9P3 66 80 64 83 77 97
ZNBO083QCS 76 52 40 45 67 94
MO0EMQ9QU5 43 74 87 42
ID23BTQ2YY 62 43 61 72
74WIQJEX2R 83 95 62 49 65 93
JGDZT0F5ZM 98 59 97 49
YY3I4ZO8AA 99 85 42 45 82 46 48
WWRVKQAHQY 68 84 64 61 74
AMCJOK4GFC 60 85 84 44 40 61 77
GDCXVDQHO6 50 55 85 92 92 72
JLQER7H8KD 47 78 72 64 40
F7PEIULYXT 73 44 77 43
3S4I811CUK 75 93 93 97 74
XISI192XCL 87 46 93 95
LEVAQA2E97 46 66 88 65 80 46
9Y677LNAQE 88 47 65 95 43
ZR1XZ1026Z 55 93 66 60 67 49 59
KUF6U91LRV 68 88 82 72 91 49
HCE8D29EWV 76 51 50 55 46
Q9D8YCJ9VD 80 46 96 69 83 80 90
49IMPFNZUQ 97 95 90 55
4W4SJF09FL 73 85 53 88 58 95
9PUOTLXAC0 73 63 52 72 58 72 46
44SH1HJRO9 64 60 46 57 98 95
JM49FOKL3B 56 66 64 51 83
7TNN1QLEA6 63 84 46 53 69 78 78
3IRWVYDU62 90 44 84 77
9YKJPGMSY9 55 75 77 77 57 65
2R1G22S9DP 77 68 50 78 43 66
EKNUF47T0G 99 66 69 91 71 69 58
MYYQFE2J4E 84 85 98 92 56 54
KGF6Q35L1X 79 66 46 97 99 85 98
LCDBH1X9SO 62 75 58 50 73
PAYFWYSYFV 55 91 74 58 82 60
VXERGCGFK0 78 48 97 98
BXD8DVWL7M 95 43 86 74 45
XK7RH69QHE 99 78 87 82 96 44
2CKNCBUHCU 60 80 48 91 69
6BTL4Y4R4P 75 94 89 77 56 71
5HJRFD86Q2 94 78 75 68 74 99 98
K7HQORBKLU 77 41 40 95 80 94
VJ4IU3ZV3C 78 90 80 68 89 48 75
M00QJSDUCT 56 44 63 81 92 40
8EUT1IMRH9 57 66 88 57 44 96 77
NQ6A58HL44 47 41 99 80 59 74 90
XIYGRLGG1I 91 90 63 88 57 66 98
RDC9MMZ42I 43 79 76 57
GXKJHH1IRZ 48 95 60 98 52
BD2875ASLT 54 82 58 58 44
V6JGY0NAEH 69 49 42 83 77 41
N0ST5FPC37 82 70 89 46 61 57 83
YEXRXZ8QT5 75 82 46 71
UC0U7TJ8NS 42 43 49 64 83 61
7P6QTNPS7X 83 99 40 41 47
X3XQ0LPT1E 52 73 95 80 91 48
N9HUFYNJOI 93 65 84 64 58 60
H73ZWGGZVO 49 42 97 85 83 41 59
XMEU62TZAK 52 62 57 68 52
C22A898ER8 70 74 73 63 58
UU2PXLXO4X 73 41 49 68 50
OKIDH3J7ZW 62 52 49 50 90 71 44
X4AKN9S1KM 64 40 46 46 99 97
RCK2Z26WWP 47 84 93 80 60 84
6234CK8UL8 69 55 80 91
UKJWNTUE8N 54 68 59 73 66
LVAT8WB6SB 80 80 67 57 92 47
8RLYI39LUR 88 60 72 80 58 66
IJ9NF1FUN4 78 42 40 40
4EJU7VRA7W 81 52 89 56 47 44 72
HHZH2GNI4L 80 86 48 69 95 52
8V4JEBHOLM 97 82 90 45 78 54
V4TLW80VFD 53 53 87 89
TBBHXR8ZMT 81 55 48 65 84 70 54
A82F52LH11 80 41 95 52 49
A33WE35WKD 61 70 50 80 69 66
PZ41DAA9MQ 99 82 43 69 73
9GUOII0WAX 40 82 48 74
TZ75Z2AJ8Q 88 97 94 75 65
M8N4AFQFVF 83 56 52 58 60 97 64
HT3RGE6UUF 42 75 51 58 59
LRJ2TTRIBI 90 62 97 55 71
AU1FZ3OIJB 41 65 97 92 43
5054DOU72W 82 90 99 92 46
9Q94886ZJW 76 41 55 48 44 69
N2P8F4S1LA 84 74 69 84 42 56 62
OC9I2RT0XI 76 72 42 95 74
WSTXW14GKV 72 40 57 65 66 69
9ERBG7HM8F 61 98 69 72 74
XN7EUBGAD7 52 77 57 82 95 96
NODTPKITBR 61 75 49 80
5VZEO6Y1HX 53 77 62 67 88 78
96I16Z2OIH 59 79 89 85 89
QRPOEC9ZCW 42 42 61 97
H1V2OEOHYR 53 76 76 84
ILO6U2OG7I 63 63 68 45 83
UDOX6NMWED 85 76 63 45 47 62
3LZXJPUJPF 82 73 70 60
Z0314PTWAU 59 48 40 92 91
BKOHAFTD1Y 74 44 41 71 90 77
XCE9126JIP 80 68 65 48 62 66
CD0LOFFYIG 44 51 81 69 45
HBHKF4SEJ0 47 86 63 49
N78P6IDEER 61 55 52 69 92
SC5YGSK59O 72 96 61 82
84XEOZ9CEX 61 76 61 47 97 80
DZOZCLN679 97 55 89 77 64 89
XIFVI9PNWD 50 43 86 64
RX6XD635V9 53 77 57 71 80 79 44
U7DX1DXFQZ 91 59 92 55 53 96
NPFDOUGLVQ 47 63 45 75 89 77
45HMPCSTMP 49 91 79 78 65
VRNFHZKI7S 61 55 44 44 93 73 92
DWRCJS7YUB 88 69 69 50 55
Q04O628D8X 40 41 82 56 67 82 76
29F2AUM0HK 43 60 95 76 66 86
J62GPEMTLD 87 57 68 68 99
QHRERJJK77 60 66 72 93 62 71
8N6CJP1O4X 97 76 94 95 50 73
CAVOARMZRT 78 72 67 46
SRALUSUU3H 49 84 77 45
XPK41HMWN0 50 41 57 92
8JLQMYKJRE 87 48 61 87 87 91
438KJTZRAF 40 80 94 88
LWFVHR148M 71 57 48 41
E5WVB5L8U7 77 49 83 66
DE16DFVDMF 76 94 54 78 80 84
RDGZFQ6P9O 69 81 84 43 58
4RO83BAQM6 78 98 94 54 71
25F4WR5F5L 87 77 72 71 83 93
JAS1S5JB6W 76 84 74 52 70
NN021SZNPI 74 82 62 75
A85ZKNP09F 46 81 94 86
W5RW93L4NC 49 42 97 90 59
NNRPPJFZIT 82 83 46 63 81 99
YZFUUUSQ1S 88 53 51 85 54 53
CNXTR4860L 66 47 80 99 59 93 87
5LAVLJSNMR 90 40 55 67
N9YJ5YS8NR 77 59 81 44
TRBQCGH79T 91 71 68 80 41 89 86
D8WI9CPBTD 41 58 92 92 89 86 76
06DIDJPTQ9 79 81 53 85 72 79 46
0NPEPD62AZ 52 49 64 48 42
45GNMIAGE6 97 77 87 83 61 75
ZDGNOSX4VP 94 87 98 41 71 96
IQT3MHYW15 65 76 98 76 57 83 51
C2Y045Z83N 92 92 75 77 59 67
ULRTC0JZIQ 73 64 64 55 42
5PZHYZHOOE 81 74 57 87 66 79
CNKPBK9LJ6 90 88 41 46 80
T2ZT5CA9PU 98 63 99 69 61 67 63
ADS1GMP33R 57 69 40 74 47 89
HP4SYXPAWC 74 84 53 83
0CSPNP2TI2 62 53 63 72 71 76 85
9NRPI43DK5 89 58 58 53 99
Z99LNF7B8X 88 67 91 48 78 48 88
KXD9LMSODE 73 86 82 63
ZMFI358N3T 53 61 95 69
HINN366VD2 85 42 79 53 59
T0ANR3MVDS 89 53 56 75 52 51 91
GDJHW9YV2B 70 90 59 45 59
7Y217D7DZD 65 87 44 78 87 95 75
QFDK228AQH 56 55 73 77 69 51
BKLM81LF1M 45 74 55 81
NUMAHIMJEU 86 49 78 76 53 79
Y99P72FD37 91 73 99 54 91 51 84
FK6EOAGMG3 70 62 60 45 89 55 40
ULEAQ2TLTA 67 53 98 95 84 51
BI75GB25R5 40 92 55 95 78
83HQ4INDPA 47 49 90 78 52 79 92
AE5FAXOZLI 96 63 52 94 53 86 97
MP2GJ586S8 77 44 78 91
6V7XRUI5I0 90 46 95 92 54 92 87
WV66GDAT4U 64 45 92 72 73 48
PU0KIPFEQC 72 96 73 73 62 82
ZQJC3S90FK 63 86 85 82
DVV10AW1MX 40 78 57 58 91
PK1MGW06NY 96 87 42 41
TY6DRRP0LS 58 76 82 92 51 45 61
PXPEG89ZWH 51 98 74 82
76IXIPJL5Z 88 54 74 86 56
EJH9COEXDZ 72 56 98 96 41 68
3G5TT9QR29 70 47 86 92 95
7CYCP4HW06 58 86 72 89 96
T3U5H7Y12Z 98 89 92 62 93
RAGAS0Z3P3 48 95 63 68 58
63CVPELR51 70 40 65 45
FPREBGP9BI 43 87 55 80 96 85 59
R1VPWUCBF7 58 69 91 65 66 84 85
SI2CYBOGG0 81 45 48 65 54 61 96
WY5B3ON7Z7 85 66 42 72 87
SSP0WZVPVP 41 98 43 64 74
8AD2RZHSDV 42 53 49 98 89
E1KSQTMBVB 71 47 40 79 76 55
YX6K5CZMC9 40 58 44 50 85
UREWJEMXUZ 96 55 91 58
MLCY3MQ87I 84 92 48 54 53 69 53
90GQU9EXS7 40 85 61 48 63
51XI0I90BW 49 62 95 76 98 48
IPY0PEV15E 82 89 60 49 91 46 73
TGGLJ5ZQUZ 90 82 98 82 88 70 78
JRNH65PT2U 94 91 84 75 99 47
MTVQ2LZ8U5 68 81 44 89
GUTLR8NJKY 76 71 61 50 85 90
3X61EWCOSP 47 69 55 75 44 45
K6HYVK9DLL 74 82 96 85 53 74
1XH8K3E127 54 40 94 83 90 48
0ZOUQHT7I8 97 84 79 91 51 55 48
O6S26QH4L8 62 64 42 84
AWUEBXFLS8 97 54 88 67
KKJMGBMPNV 69 67 78 87 77 95
X6JDR6PSO8 80 71 71 45 81
YXDPAH9GIX 47 89 65 91 67
Y5POB0OY2K 52 99 44 77 62 94
AMGL50IRLT 62 91 78 67
SIIJ2NLBU2 64 65 79 75
MNOEIFF6QI 55 76 97 74 79 47 65
9ZHXSCEHJM 58 79 52 96
VLKB26FIRD 93 42 51 56 55 48 99
WZ4KERCKQK 67 78 87 65 63
TOR70G2PBP 86 46 63 45 75
GMP98VHC9R 44 48 78 93 44
Y950MJQH8J 52 82 56 54 48
VE26FAX4LF 62 98 90 72 57 75 54
27LTRMUA84 60 68 41 81 67 73 79
D2NHQEHX49 94 81 65 79 74
UBUFZGELP3 45 86 83 79 82 70 40
GNAXCHE48N 53 46 54 46 63 58
1WMJ73IUI6 61 70 76 63 99
VBRWVUUVRZ 46 50 54 43 98
7X2TZ4IPHK 46 48 89 84
DLK3A4CRN2 94 73 66 48 71 61 69
JC8WBSGVH2 49 62 49 51
N9RLN03V8O 71 47 86 72 81
EFUQW5SH2K 77 69 42 62 67
QC0K5JF7ZA 98 40 96 71 71
G85E1DNW2W 51 55 92 41 86 70 86
5YZQID2AQ1 81 57 98 86
UT0IB712BQ 65 68 79 66 68 72 89
RXPBKY2JDF 51 42 43 93 64
YU5GY3BXVQ 40 56 43 83
4DEY2QG8FL 75 67 69 43
MUOL7EPF2Y 77 42 49 48 52 99 75
135NO1FAIQ 80 62 47 52
PRP5VZIE92 94 91 58 44 75
S47VRE6UE8 89 77 90 85 54
HR9LWF5NMT 59 53 53 63 76
IMHOXXT5PR 87 42 46 82 95 73
QILW5H2755 42 57 56 68 78 67
V8RG640ZVO 77 79 96 54 43 43
HBRK7E42QC 65 41 53 67 71 72
RGJ5SB2V46 54 48 76 85 56
VSFPHL70ZE 67 64 81 70 80
8NRQKFGB4W 57 53 78 49 52 75 75
WWFB1VTPKN 84 42 65 50
HCJXY7KDZV 88 93 71 94 55 70
N6K5IHRDL2 44 90 93 88
VZ4O2GQXJB 55 69 43 79 59 99 88
BCYMSKBKAQ 59 95 85 79 62
X8W9NQHVCS 62 93 47 94
W69K4DV1TQ 63 77 70 78 72 52 71
DZZGCSM7YK 75 77 87 80 94
QT1W1QJ358 41 85 62 52 64 64 85
MZ0S11PC5Q 80 53 75 73 59 69 71
234H4MHSMC 45 46 44 50 91 99 57
BY0Q1GIYCV 84 97 83 90 73 94 67
HODXGJDSBA 60 83 74 85 99 99 73
3OLGPK13Q7 61 73 92 94 95 46
VYP4EA1PH4 91 95 49 66
UOO3FLQV8Y 91 43 63 41 97 43
K1XQCL7U6U 48 64 85 82
AU1Q840WA7 71 57 70 72 45 43
TULFF274I5 51 61 93 57 90 70
P42UMM8ZL6 46 62 60 48 45
RMM7S22H9B 50 91 60 85 63
EU677DA4DW 49 46 45 84 57 44 91
M8C0G5CGD8 78 98 64 48
LYIVQ0JRG5 50 89 43 76 90
E7YTA7ZU23 46 58 49 99
ME31K07EXW 66 82 73 89
A72D0BLYZV 93 61 47 73
NNIEEP6VN4 99 67 51 54
F63IYPIQFU 46 57 93 79
UUYOKRAF18 97 44 55 80
P35W15A811 44 43 71 58
9MBUGA08CS 46 67 96 63
KKMLNKDF0X 96 41 79 69
G16QEXG0T1 65 67 61 66 71 67
6HNX7MPV9Z 42 45 94 93
E4PPYOW351 66 70 48 41 56 57
9ASFZKWD7P 97 58 57 64 46 60
PHT1ZG9032 53 48 94 46 79
BDIEBA2NXE 47 83 82 45 58 61 87
FT8Q52EV1H 96 94 56 67 87
7G0LD55MNX 84 80 48 53
R6NC5EQ8IA 94 71 78 86 65 56 80
I9BGM5WZSI 97 77 49 96 66 76 68
HNHQ7E1HTH 92 79 49 43 49 75 53
KL0PP19LEU 44 41 66 83 72
QHEK8NW6BP 75 61 92 74 51 65
E4AR3QTFHQ 86 74 44 54 46 46 43
5MUAOUB2X3 70 45 75 64 91
O9557YZTKY 85 66 76 55 77
P4DVK6YVP4 50 67 90 43 67
JGTQDKXBR3 96 41 62 85 69 77
P33Z40VBZ0 76 74 77 52 77
F7THTL77VH 65 99 50 43
1PBX67DG7A 55 61 92 83 86 49 86
5CFB90CRPA 65 42 60 64 71
78ZU940ZKH 42 67 41 85 44 87 48
PON1QK44X6 77 43 44 72
LD0LLLWMZK 92 53 46 76
SA76CKE0OQ 44 49 81 81
WURKQ0AUUH 51 86 58 42
NPT98X01UO 46 63 54 88 85 74 49
SRVW1YEOV3 41 69 94 66 46
4KLUHPA258 48 99 83 59 40 67
TRY0TPPMH6 63 55 90 45 57 73 86
YQDM797I84 64 83 91 82 82 81
QWNMVVMT3O 63 44 97 99
PGVVW10D8U 54 46 75 87
R8R9F4XJTZ 70 90 64 78
QMG5S2BEL9 67 68 44 75
PYF1NFW5YS 52 45 72 96
30UKJ4DDKE 84 94 87 41 61 92
K6UWI6YSV8 66 40 63 74 94 80
1WPHNRL2BS 80 40 91 74
9FGGOAXP5I 42 75 72 54 65 66 67
VCHLR8TIRG 53 82 66 94 45 80
988FSAZD6Y 60 91 62 40 55 78 95
EO8LNRBFHC 62 45 47 63
WSOHNDLLSZ 71 48 70 56
LDJ6RZ29EI 73 58 97 43
P55H1YYYX5 95 74 67 87 46
7YYSEK9DNE 71 66 84 96
A12M3YQP7M 78 94 94 73 87 40 85
K6JYUCOAGX 56 50 88 65 98
19O3CKPE82 67 79 89 55 45 96
0VO35X5EXV 88 83 78 50 86 73 64
TADVZ9Q3CS 47 93 51 45
XRTY8VI62V 72 80 56 79 77
36OKKVI18G 70 41 75 72 52
IP8C0P75GF 71 51 41 62 96 41
S0ZQXQ00WB 95 58 89 87 75 86
RDYT0KIB1V 93 76 59 55 41 49 48
FHHMM9K0OE 94 96 58 83
NZ79GDTFY7 75 99 49 49
N9TAS0BKFG 46 56 40 66 96 60 49
GEX7OTVXO3 87 51 41 69
93C89VJ78Z 92 56 58 90
CUZPL3D4AK 59 85 69 64
Z381WY8FFI 57 80 44 64 56 41
IOLY2SF5E2 74 56 64 76 48 95
3LZ3A2N7TO 44 60 74 90 56 88 59
29QTLCL8L3 89 83 48 89
PSBHTD73AP 81 53 91 83 75
C8JTKB253S 90 67 92 63
ABIDQ6GCF4 86 40 64 56
Q4PG6DW30V 66 47 96 84 90 51 95
O5EOB0NYU8 51 96 58 46
LLDO953AEY 94 76 80 55 48 55 73
UYFKOI1NBA 73 73 99 78 75
ABHC8AAABA 93 91 60 47 55
9SZYZ59O5R 79 75 66 92 44
09EQEUZYW5 42 81 87 62 75 61 60
M40RASPN1X 68 66 76 95 81 61
S4NCEPEG0J 76 72 45 76 96
VUFV8MWEHQ 89 73 41 81 94 76 59
RAY7EFY7HS 90 73 49 57 92 49 47
7A7WK7VQL8 61 93 91 84 82 78 95
8NWRGWR52W 83 73 67 59 63
KIE5FW684G 56 54 62 78 86 98
Q7E1F4XVIA 43 77 81 62 80
74KYS0UIJU 90 66 72 61
IYMD87GZ31 47 81 62 61 89 82 69
PCLG4K9W7D 55 83 56 99 83 95
IOLBKD1HQ1 75 41 97 68 96 92
HEQ5QRB8S4 84 85 59 86 96
JXAHVDZ3B5 59 52 98 83 49
H2BQ9LFVW7 94 76 79 48 51
M8GJR8UZ7Z 67 64 94 68 57 74
YCOU3TY2LC 83 88 79 54 68 48
YR99DU9A2C 61 64 84 54 71 58 70
LORB4N7OKD 93 85 47 74
RL5GT5FGMZ 46 59 59 89 59
276DX4XAN7 95 99 88 84 73
9R9ZQII98X 65 99 81 97 44 69
T52WBWXAS1 76 76 96 66 49
PGESYW8SLG 80 86 60 48 56 82
LSLMDLWKKD 73 50 78 59 44 84
0LWC0DF23M 71 59 86 74 97 71 79
WMFCPBU9MC 88 74 54 73 72
MCO8363SPA 45 41 58 54 96 80 53
6RNDFY77NK 55 51 44 47 55 82
XM799BRU6O 99 77 78 47 60 65
HI2HU20DJQ 95 47 75 70 85
YMTS88ITKV 80 47 82 91 89 91
SOUA7J1OVK 41 66 88 82 43 41 53
W860MB9T9V 58 67 98 55 80 51
ER6XSUFLK6 95 98 65 52
M7LRZ8JMQL 59 90 46 41
26H718KNSE 98 97 80 52
OPCMX6UJUV 97 44 95 82 44
6K8CB24DCK 66 90 53 54 68 65
O2I7YV1GR2 85 74 66 61 99 72 75
UWJYF5WPFQ 69 93 90 54 55 44
FAV6CGVVI7 89 64 77 78
SBNPB5DHA1 63 54 81 64 55 71 87
9536KUOX72 87 44 60 50
P576R35R2K 90 61 90 99 80 76
WI9PUXLJ4E 95 63 55 92 87 85
UA2XZ8H4I3 87 88 77 59 89 72
QZE4CR4C6E 54 63 99 50 84
BXR0XMXT7B 98 49 71 46 96 76 48
CJVV7MQVBS 86 89 94 76 67 55
64STHKY4IB 90 64 98 75
4A1MMJ4R54 58 89 84 70 55
PQ439D2M49 66 79 70 84 43 82 52
P1E1Z6FDDL 62 86 44 53 91
MC6AUH7HEM 77 47 53 79 51
0RS3Q0Z6MO 42 54 76 95
XU1E9MJLU3 84 90 86 97
F7DX0682BY 72 46 55 48
ZF2G20QPS8 99 46 99 97
QX1W1HDNFY 72 45 55 66 69
T7GO458EEQ 48 54 97 85
SMPPLZTR46 79 50 85 52
WTN7JH23E7 93 53 44 40
20R6SMBFSP 54 68 68 64 55 89
095KF14RQ8 60 73 59 89 56 57
U1VXI6K1OP 71 45 69 70 99
VSCKCAJD1H 66 93 54 43 72 40 65
6L7EXLG2EQ 77 63 48 59 49 86
3KZ65Q32O1 56 90 48 68
ACA4LON1DF 98 94 70 47 74
71Z3GPVXN3 59 74 47 46 83
YKOFLVOLZG 53 73 85 87 51 57
GTOUZVNBXX 78 96 95 76 41
KI8A0UM2FH 64 49 56 48 82
UQJSO2Q43J 47 95 84 58 41
VFMHBQ8WE6 60 89 73 80 81
1HNCPUNSJB 92 71 83 69
YJ4TSG978X 52 49 52 98 49
1B0LQXXDW8 65 67 41 63 51
97VLYK6IOQ 58 94 42 48 48 68
JHP5YE2JUN 92 63 62 46 45
9HBHROKPRL 50 49 94 50 67 41
GPLQJOYWFH 94 82 96 78 47 64 49
E1C500I294 48 75 95 52 73 94 70
NNKF0ESJ9R 44 93 63 99 60
6IWIMUR0C6 84 92 54 70 47
NG921ZZ1AR 50 77 54 52
T4SG2EFBTZ 64 69 45 47 66 99 83
Q8H1PRWYPW 78 60 80 61
PT62ACR36Z 89 44 99 48 40 94 73
3KGM03NW78 44 77 53 58
EME90TFDSN 90 82 71 91 80 65
KKSNMK6942 40 60 84 48 57 47
0OB4XAZJWN 61 47 98 65 46
3ANBOT195R 85 49 80 64
PWZXMGHD32 99 47 45 54 79 55 98
RR604AOPEV 67 45 45 45 99
W7HVXBFK6H 45 96 81 42
VMPO3AU4RV 58 98 68 57
J48UGI405U 86 88 60 98 62 76 86
50DAWUW6BA 88 60 91 41 57 42 82
FNGUUOXXD0 94 98 41 45
QR9485SICS 45 92 76 74 99 71 43
0H7OS0NL00 52 93 97 45 74
47AWDU4M63 58 64 78 43
PSDS2B06P1 92 70 58 80 57 51 61
4TSXO407D8 79 50 62 80
MO8D3JH55S 42 97 89 49 59 65
7S0YRX3F4B 93 49 76 90 48 45
HTUZ1J1H4O 66 47 79 71 44 65 45
68O4R3V19H 71 44 60 90 58
XIFLCLBK5G 67 43 95 80 80
11HYK6W8CM 83 43 95 41 85
501MM5GAMX 44 91 71 51
QVBASST3HT 92 50 67 92 69
R3CR6YTWNY 98 83 85 50 50 57
7IP8UVLHQG 70 66 88 94 78
OI8N9MH72Y 48 60 65 72
JX7UY56JFW 59 61 97 70 94 64 51
D5UY5KYPHQ 87 75 83 94 87
88S32ROYMO 47 76 73 44 41 42
BUWP1QECJB 98 92 54 89 77
P8TTU6X9GB 53 93 84 47
NC7Z18ZXIP 84 59 70 91 81 60 59
Z3UMFK161E 89 72 65 58 43 68 44
GL9MDMY2EX 89 57 79 63 76 72 48
M4A7S7QJNB 61 43 45 54
V50TFFW5H4 98 70 61 72 77 47 44
YGMOSBP4SH 88 57 74 54 47 51 93
BX8URSWC1M 96 93 97 43
KTVYBGFE3Z 74 48 48 88 97 53 72
TWO6UQWFL3 43 58 87 77 55 78 91
E9299625EO 61 42 72 53 66 98 86
22NDIBP8B1 73 90 90 42 50 72 98
1VBJA7YW5K 76 59 89 52 81 81 76
A8WVCYAB4T 59 55 69 43 85 80 48
CDCV05E0OE 50 84 92 62 54
0AORJWLQJ3 64 95 79 49 93 43
98K6N3SZKW 63 46 82 50 57
56QA2NTKDB 70 75 88 79 67
NYGH1PVME4 67 95 55 49 44 90
G4QQFQP24X 94 50 90 58 49 62 76
QZRPGP1O86 97 57 59 42 59
ZORKB22XFF 99 86 41 69 64 79 54
7K2O2PXH0S 51 42 86 76 88
RA2PC1A1O5 41 98 97 72 57 50
VO1RXD5E57 53 50 95 91 47 79
NCOFJ0NRQ6 91 56 84 62 72 44 44
0PFTBO0723 81 40 87 82 81 46
X5DN4QJ2YH 92 55 49 72
EDIYA1LA5W 77 49 89 52
9OXZLN6HEA 85 61 52 82 94 62 50
WTBVLGFC0K 69 52 83 54 61 72 60
MW5I97EDNK 52 47 93 97
7EPOLVIP9W 41 45 45 95 88
A3NZJSGTBB 67 73 42 45 52 56 51
4MS5WTQNH0 52 50 70 93 66 54 89
6446CQA6CJ 55 63 62 51 78 85
0AZ4GI6BDG 98 96 71 48 62 61
WBCGN52O0Z 68 93 85 67 60
5QRJE4TURE 90 74 58 66
IRKWI0FHYS 42 99 46 41 45
W270I5BX4F 92 92 66 94 41 87 47
HV4LTX37T5 42 41 78 94
TY22L26VPR 47 61 83 63 42 85 78
ZQN27UIABC 51 44 98 43 62 68
W32V972V18 61 45 71 67 54
51QZWX7D53 45 93 69 75 61
F3A5HP48GJ 85 91 42 85
K8C87C63PS 80 82 53 53 49 84
3V4HT7YBXP 76 59 71 46 42 48
9OB6IRY2EB 98 50 44 83 66 92
65ICD7E0QR 50 86 47 60 87 77
PA3R07MK8M 64 83 49 60 80
9HE4WHX8PJ 65 92 83 77 79
D4OLWAG9B3 81 70 58 72 40 68
76TF91JZF7 80 48 64 73 88
FIJ8JPLADW 45 67 69 55 44 59
TESJCAVJPJ 57 71 49 51 71 94
4V8Y8CYTZH 46 73 41 83 98
3YMHCZ9SV0 60 63 44 97 66 68 64
NFCHKPK539 47 76 68 88 74 75
98RENEN453 50 43 79 89
7S482JA41S 48 82 58 70 57 68
QVJCHSLHAG 66 83 96 73 69
TFNK7OTZ1I 56 51 89 77 79 94 87
CP83353123 65 63 47 64
3TLKD3FO4L 52 56 95 84 50 93 98
N3OI8CR18C 47 82 40 82
UC930DNJJZ 90 92 65 49 72 58 52
L88SNXEWNN 97 41 99 48 43
B9ELL89D6E 80 51 92 60
0EH4YYRMGX 73 41 90 46
H1P2W2HKUT 62 44 65 56
0VO485TXRO 63 85 52 54 63 94
ROLKVW375K 66 94 47 92 81
7U6Y8RAEGG 61 97 87 40 93 87
PKYLEB8BG1 45 68 78 72 65 86 82
J6H816RGNW 79 81 93 75
MLQ940Q48B 60 68 81 49
6QNCIB38QA 55 70 72 84 69 78
D9W7GZUCJA 68 47 54 84
4LTSV0EWCW 87 56 52 57
GWEJ9BJ8WX 68 90 47 72 73 47 97
3NOK67AH5F 60 88 71 88 54
0XU41JPMBN 70 74 80 96 91 86 54
IJ2LZ6ALXX 70 85 55 54
0NXSPK9QWN 78 81 66 77
AA7EIFOCYZ 56 82 77 71 95 58 71
YNX8DYOLKP 56 81 97 81 99 98
R822WWF0TB 90 90 66 68
IVQH6Y31NI 59 46 97 98 73 57 50
P2NWQSEB24 46 72 98 90 40
VGQW5L9YPS 72 92 68 73 54 62
P74W6FZPUO 74 46 71 42 87 83
LOLY2I6LXC 93 69 93 83 40 74
QKIK01YJS5 51 97 44 86 41 89 80
JR3GRGUEPN 91 93 94 97 85 76
JX39BP67AX 44 41 68 74 46
8MU1VCXQ0X 57 54 92 74 80 72
FADUV7OJEJ 46 67 42 44 82 89 83
MFDX25ID9Q 80 43 40 44 48 41 68
P5DJ4KS9HY 56 85 80 91 75
TPURLHV4JQ 60 42 81 46
5LZWIADIR5 74 71 56 98 63
MGIYB6XQVV 79 83 66 63 55 66
A8C1F1KWO2 75 56 90 66 61
CNOHFG7UWD 77 84 85 89 79
8V0KS2C1YT 60 70 71 75 45
VTP6NKHD76 68 61 65 88 61 94
VNZF24HGHF 50 61 77 44 75 79
QYAJ60BHG4 78 94 80 78
6O529F2GGT 92 91 51 47 99 64 66
LXIE3WKWHI 90 77 85 84 59 49
CR663VWWQB 94 67 49 88 44 47 73
IF3F4OJX5G 55 87 46 96 40 52
2KBHL780EX 89 80 46 96 65
YSZNBLTXJC 46 53 73 55
DAXT1LG67O 64 67 72 49 40 84 74
PY6HRLO10Y 73 62 87 67
7QZHQI1Q8T 99 70 94 69
69GYG0DWWS 40 68 77 97 80
4Z0UJCC8YJ 52 70 57 48 47
1EVPX4UX2V 45 40 43 44 96 94
RWV57LMPEO 65 63 57 97 67 42 93
EAFW39WGKL 43 47 84 89
JOE8Y2OHEM 62 60 84 87 51 95 65
F4E7D96APG 52 86 74 63 93 90 74
T3KAZGT124 88 67 55 53 75
PVS01A5I31 63 44 49 88 40
WRZPXX2AJH 51 74 48 88 72 59
C7K5KI2E1Y 73 57 84 50 57
7Z82P8NO84 67 95 53 48
5IHT6K2NAX 67 77 68 47 58
NU3KSCIBCT 80 41 71 83
1ROBKHVKIC 90 94 52 56 80 48 58
A3QURDTINE 83 54 65 48
HYZFMKRG3S 73 75 86 56 46 56
ZYJ2VR9R4U 60 40 82 74 85 85 59
4E0Q70OM40 58 47 42 66 93
CL25MG5YSC 48 78 71 78 65 60
DWBM0XZGXH 72 46 62 46 45
O7L9MIRRJ8 93 56 66 47
S8EES10CA5 88 83 92 80 65 81 63
2EQ2SZQCMQ 95 86 85 53 66 75
D0NS10T33X 87 75 85 85 52
VW661W21E8 83 52 40 74
9YZVT4J78V 78 87 49 99 73 60 47
LLX1D0QJL1 82 45 49 85 40 41
PISAUXVBE2 94 89 60 48
IB39CVXZFZ 61 40 52 79 89 46
0UP9IE8MZZ 92 76 40 88 76 40
VA1W92P9VZ 43 99 72 83 81 42
R6F7JROTKQ 80 45 78 49 47 91 94
11WLGQBCWE 44 85 42 40 70 58
1CZKNG51ZW 57 52 43 89 61 42
APSI3C85HF 65 57 54 45 73 50
5M3YJPWB3Y 93 42 65 90 95 67 98
4FZ7IC01SF 96 61 90 76 72
UT8TXJVVTJ 90 40 83 65
1EM4UCVWRP 87 94 50 70 83 96 79
1VJ58K7FNS 80 66 46 59 71 94
12IL6XGCCC 73 45 93 87 68
FF39AT3ZMG 41 81 66 46 79 45 47
GUGS7UNQIG 81 93 93 55
XVQ4IIYR7S 63 97 88 87 79 55
T2RMAPDAG0 82 75 72 46 72
EZH34BD3XL 97 83 49 58 76
YMWSVKN1JC 53 65 83 50 92 78
3L39THTUXG 65 82 88 45
5T6L1QA5CA 64 66 73 98 40 69
FFCP4JZNQR 60 73 93 48
SDJPDROG3L 78 62 45 90 65
HBMK1KSXZL 91 60 66 97 55 79
PJKRIQ375F 55 68 65 85 52
BF6KPZP28D 89 61 62 89 61
BR0BR87HSI 71 68 73 56 77
B8FG5MOGCE 76 78 66 67 95
A75JTU4E9Q 56 98 79 52 63 50
UVTLXGVBOA 80 66 40 80 42 58
Y11GIM8XHZ 89 75 58 57 99
0HCYSDCVWK 81 43 61 40 47
8TCDOE83WQ 99 40 43 64 45 90 53
HASAP92NKE 53 74 77 52
4P5Z9CI1QY 76 53 56 54
V3F3F2ZF2Q 59 80 47 78 92 80
VKXWC25WX3 59 99 90 74 61 83
Q1NC10B7FW 42 71 44 88 55 58 72
ED0KW952AL 66 68 40 85
3B1F5KF6YR 67 72 51 56 92
3W7LGEIFHD 91 87 92 54 87 74
2N4B87XCPQ 80 86 56 70 94 64
Q6G6N5NKUR 62 51 83 61 95 72
5GIXPL0KSQ 55 62 48 66 91
1ZZU0OHW85 63 98 98 75 41 59
VPSIBBZTAM 55 42 73 55 90
IMZH73FJCU 43 70 92 69 94
UWT28O22YX 70 47 95 76 69
EJWIGP9H3R 84 44 43 48
22D0HVYS6W 73 69 99 45 81 51 99
ITV16W331J 75 75 46 49 58 52 59
FX8UPQH952 56 77 86 72 72
CIZRPSC7ZA 56 84 64 40 62 81
WOFB3X1ZWL 70 95 94 70 40
UT5VM6YAW7 67 71 76 69
UKAZSIC7PL 43 53 66 97 90
P1ADGM9R1K 44 66 53 53
5WGNLRHMDW 52 92 63 95 81 50 57
EV9XABJYEN 68 76 86 51 70 42 62
SHNTY0RT8B 80 52 60 48 48 67
FX5K82F120 59 75 54 92 65 55
8MMVFDI76P 59 67 83 76 58 66 60
QG5EAUJSQ4 90 99 87 41
DCQVQ3079Z 40 83 42 91 50 44 40
45HLRX2GSB 98 82 90 89 96 49 60
NDNVDDAJMS 62 40 90 47 92 55 88
3FC0ZBRCT9 90 40 66 82 46 76 85
46VYXX3T5Q 83 71 64 66 84 69 42
Z60CWFWG3H 65 68 69 90 57 85 40
9QVCDKIY8P 89 77 92 43 91
QKPBKTYHM0 85 63 88 68 85
MITTOR024Z 54 95 57 53 86
IJ0CRBGI4D 60 74 97 97 49 84 68
ZA7QAUMLRU 66 74 54 68 75 54
LXYM27Q49F 60 68 63 55
DV426FPSTZ 87 57 73 47 86
FJKBSUQE33 78 84 56 59 82
2IAKP0ZA4T 56 57 89 52
V9GBWHA7CS 53 86 84 50 72 85
OOB4BRSQZF 63 95 58 65 60 54
RH639A1PFN 66 66 81 55
51RC9Q3IJJ 84 48 47 82 78 44 58
P56F3226YY 79 94 66 59 59 50 95
NH5WJ6RROT 97 51 47 83
8FN9STMYDV 44 73 50 70
WNKD8N415O 70 41 49 67 99 71 74
RAPCLSSSW7 45 45 41 49 98 56
WB0MZK771V 84 86 91 85 53 42 76
9HBDTI97HC 84 87 50 72
2BGJTF5BQC 91 82 77 46 72 92 74
W4SYGQYURB 40 94 85 69 86 81
1BPP1BTXRD 52 56 84 58 59 73 55
ZO9GHOCCMW 53 81 80 50 91 45 85
0GOFJ3MQF4 99 95 50 89
Y3TT34G2PS 61 60 91 77 66 66
YVBFQWAHE0 72 93 43 92 40 66 90
F9K7FFCC2F 83 67 59 97 97 60
B2P5UYV3DU 53 77 83 60
UXNYTJMI7I 58 56 50 54
ZGD4GRRAF5 65 87 84 68 88 93 90
8LLHAGPMY9 97 59 60 92 89 66
W69ZX9W4IM 68 89 49 48 45
QN6WOR2L2E 80 46 81 68 70 64 80
D8D8QUJQLS 71 46 45 82 48 55
FXZ90LIVTQ 95 95 74 99 47
ZUX31P3DTY 67 69 47 83 59 52
AU1V5AVMIO 67 96 95 97
935R7GBHDI 53 46 90 59 63
VKMTS8QGGJ 47 42 65 60 62
2853LQSTFW 45 52 99 61 48
7H4L0LV8NV 63 94 75 52 56
NXM37ZASTQ 45 79 85 83 74
3STFMCQ1FA 84 90 84 68 67
NACHWHSZSL 77 73 59 62
HIBVGE94IB 51 89 70 58 91 45 97
6X3YDGNK1K 90 54 68 58 63 88
HGBN1AAKRC 68 48 59 65 99
SC6S1ZHQ19 45 97 97 47
UZPILR0PZO 72 96 97 40 46 65 80
6RLG48N6OR 78 81 99 70 50 41 88
UYUM63NK5S 93 54 56 61 56 61
EG79KOQ0MV 45 50 70 67 83 93
3SA8U0H7NK 90 97 69 91
H4UN3SVHTR 62 55 79 91 58 53
UFS6MM4PV2 92 53 63 98 82
SA8FX90IGO 57 45 54 82
H7FSKKF6AR 51 82 93 95 99 74 86
L18C18FAM9 68 82 63 69 91 79 42
7ZZPANK4UA 61 68 69 97 55
CTJ9P5E1VE 71 67 97 46 99 96
NZUMJHWCCA 49 85 88 42
CEZD8IJC08 56 90 93 50 67
MUSELCPTFE 65 61 57 53 87 97 82
C3D5PM8KZX 83 51 66 72
SQB4F1JI2G 91 44 79 52 71
KVKWU0ODME 54 54 86 60 68 48
T5D2TOH8ID 55 63 81 98 51 90 44
Q9JE7QCEDC 55 70 57 78
1I9NDNWATF 53 93 89 45 41
VUOWDZ0H7N 57 62 68 63 77
PIE0MCZ6RS 61 42 73 66 72 67
CRQWM9LI0K 89 85 59 63
QIYP4TI9AB 72 51 44 85 55
KZNR2GEJG3 71 51 76 92 78 87 99
SKRQV13R34 40 52 88 40 40
V3UGZOXDLH 93 63 64 77 47 77
Q8JJ60L2UR 71 89 71 53
NMN9G0KVWD 58 99 79 51 63 64 84
QJCMRT3EUX 90 51 99 56 66 78
1KHGWDRU9Y 84 40 62 51 78 98 77
P3822F1QHV 41 54 53 98
9VYGSO9R2Z 46 54 91 50 83
L3TNYZCV21 67 72 68 61 48
M56M0QKKIC 71 44 53 96 60
P1LEOBVN3F 59 81 65 67 78
YNVM7Z349I 98 67 99 70 58 88
T6EWTOSW18 68 46 72 95 62 76
G84YSFEOX1 55 71 57 61 50
B8G9SNDKDF 43 97 69 43 54 85
IHDIKIGX1I 77 80 95 70 73 87 96
5BBM0YO2C0 57 66 48 69 96 69 77
LGZ98Y3KBP 88 47 81 44 49
398S7H8AVX 87 66 74 87 58 86
TP51BWPWST 53 69 91 61 79
P493MBCT8X 69 64 67 40 72 65 40
P4VYV5X1QI 43 51 48 97 92 72
H6Q571JHXH 53 90 57 52 49 91
QEMFOGO6MU 55 40 59 90 45 74 92
VXZW5SN7YH 76 63 48 41 68 79 76
TNGEHG2WD7 80 95 71 87
0FKML4Q7QC 58 41 52 80 45 57
6RB73ZAOBC 88 41 91 75 52 59 65
HPNWZ92XE8 58 68 96 95 79 74
T66RCBLMGX 84 78 43 81 53
Z7HRNDSN4J 43 95 71 80 75
7W6WFYXGRV 75 47 55 73
JE23ARZRQD 74 48 87 83 59
BZE5AFAPUR 97 84 69 66 67
780Y699AT7 52 55 72 80
GNT0R3ZVSK 78 58 47 47
AF0UAO0FR8 65 74 70 94 93 47 92
MFFWR24A0P 40 81 44 83 84 96 78
BNMH4IHMMC 63 47 42 45 81 79
NUQSUV968O 79 67 59 67 57 72
7XUF97SAPX 59 77 87 53
ZA281LUSG8 70 88 52 44 46
N960PPB7KQ 56 49 96 68 41
YEX1AN00ZA 89 69 60 88 99 69 46
LD7DWCHN6E 96 40 73 99
L7DW4MENP2 90 77 60 46
Z0LLTOWPKV 49 52 85 68
NO4EH8HCNC 77 65 65 77 97
YZDOHGUU5B 82 93 97 58 40
1P1S8FGYL2 44 94 77 98 79
7HBRCM6W5V 70 99 60 84 71 41 66
KE5ROBL2LH 92 50 54 61 81
EW1JE86FCK 69 75 64 67 87
GTVIUKOW0C 54 48 77 58 50 89
W6WW8NKV4T 51 57 62 86 42
PKP8V6B8P8 70 49 88 89 66 98 89
1ZOAUPVZMR 76 62 98 46 48
A2M0WP5MMV 90 52 48 49 40 95 87
BZEKQ6T12W 64 94 88 94
BFQMMRUR02 69 62 90 77 53 82
MDEDDYTXGY 59 62 72 83 46 68 87
MIUAUNZKYJ 44 91 46 96 77
2X4OVLLNX4 60 89 50 97 85 75 42
V3PXV88GGU 56 54 96 84 91
ELT17C7SQ6 45 64 97 94 54 57
S9D9FDFEDO 67 82 67 76
GZRMMGRITA 93 69 41 97 65 45
PDY7YEKE8G 84 54 82 74 56
KZ90RP10KV 75 91 96 59 97 60 60
L9YFAKZUIF 58 46 60 48 72 94 86
RVZ8Z7UY37 98 53 65 53 95 45 72
VTGBWPB0AN 41 98 94 74 70 42 82
3YQBWJE0FE 83 80 59 66 48 69
